100
6.860062743908512
4.7455270140239865
3.1233513180068133
5.943944971086731
6.412900930908793
5.8520514439460065
6.802601248778439
5.9932652959009
4.9431226985050944
4.600489866976982
3.4298715811366898
3.4244716080981394
3.1093765887939036
4.691733285502988
6.0426132704702535
3.532544979973387
4.44886363647533
6.899489333847178
6.2078154705008615
6.494031960141311
6.341147052856611
6.926529249520515
6.598460926633711
6.342138968636025
6.737818732915037
4.938091642410774
6.358972347414943
4.615645139095374
6.885021465052967
3.127441484466739
3.635227424328291
5.440839394029953
3.755430975982859
4.507079550139905
5.278020440035595
5.219427456346583
6.639635803575173
6.078989730108866
6.194586693344257
6.985288798572007
5.112166669500988
3.561459446967617
4.157332495849095
5.917106073419588
5.336044790498922
4.383508200619609
4.037001114170566
5.8687600900652654
3.633557438430484
5.110190758456378
5.120030703043677
5.453702569891064
6.656030768176578
6.94427407305877
5.2540914447706015
6.645098886198324
5.978631713587251
4.135092076599805
6.232168063413905
3.397814837485049
3.8915575874953423
5.434014621749434
5.426131595878001
4.019277917032161
3.930220562496412
6.664436237195878
4.089249434956502
5.883858463231013
6.561387468015091
6.774521925696204
4.583021201104632
6.499183933114297
3.205975547029214
6.411769027872603
5.360325122407171
6.527853869920788
6.338042743695032
4.086938189428262
3.892484640217812
3.5469078665050833
6.307598775095129
5.373228584787233
5.374340551369235
6.607914869441288
6.239118048244912
6.796744912887666
5.369096439942923
3.990511616301203
6.454574054183725
3.4268523224921825
4.457001965415644
4.7545540932483
3.218162524943906
3.5187207171672337
6.599199386708934
3.2190418226980477
5.0755931730760615
3.5611165026553753
6.167648361452073
3.5440252491463733
